x,y,z
2.385599911212921143e-02,9.976119995117187500e-01,-6.481400132179260254e-02
2.172799967229366302e-02,9.866219758987426758e-01,-5.656199902296066284e-02
2.414599992334842682e-02,9.862859845161437988e-01,-7.541900128126144409e-02
2.483399957418441772e-02,9.819899797439575195e-01,-5.350499972701072693e-02
-2.430006861686706543e-04,9.924690127372741699e-01,-6.962899863719940186e-02
1.782299950718879700e-02,9.771950244903564453e-01,-5.034000054001808167e-02
4.304299876093864441e-02,9.804480075836181641e-01,-7.013499736785888672e-02
2.207100018858909607e-02,9.735900163650512695e-01,-4.796100035309791565e-02
1.177600026130676270e-02,9.776520133018493652e-01,-8.350300043821334839e-02
3.650299832224845886e-02,9.777389764785766602e-01,-8.342099934816360474e-02
3.932699933648109436e-02,9.728729724884033203e-01,-4.748699814081192017e-02
4.550499841570854187e-02,9.702789783477783203e-01,-6.080700084567070007e-02
4.488800093531608582e-02,9.728289842605590820e-01,-8.324699848890304565e-02
5.924999713897705078e-03,9.689379930496215820e-01,-4.489000141620635986e-02
3.587000072002410889e-02,9.636859893798828125e-01,-4.142399877309799194e-02
4.804600030183792114e-02,9.597849845886230469e-01,-5.692600086331367493e-02
2.873600088059902191e-02,9.607539772987365723e-01,-9.932400286197662354e-02
-1.350500062108039856e-02,9.606779813766479492e-01,-6.471999734640121460e-02
3.542299941182136536e-02,9.570140242576599121e-01,-1.028259992599487305e-01
-2.376999706029891968e-03,9.559440016746520996e-01,-3.631300106644630432e-02
-1.594699919223785400e-02,9.542319774627685547e-01,-6.667000055313110352e-02
4.987100139260292053e-02,9.522460103034973145e-01,-9.366399794816970825e-02
3.558199852705001831e-02,9.461429715156555176e-01,-2.984400093555450439e-02
-9.560000151395797729e-03,9.524070024490356445e-01,-3.397899866104125977e-02
4.504299908876419067e-02,9.516900181770324707e-01,-1.078109964728355408e-01
5.300199985504150391e-02,9.393119812011718750e-01,-8.234299719333648682e-02
7.050000131130218506e-03,9.431290030479431152e-01,-2.785500138998031616e-02
4.906199872493743896e-02,9.499250054359436035e-01,-1.094629988074302673e-01
3.661499917507171631e-02,9.470630288124084473e-01,-1.121430024504661560e-01
4.750899970531463623e-02,9.405649900436401367e-01,-2.616300061345100403e-02
-8.985999971628189087e-03,9.435549974441528320e-01,-2.813600003719329834e-02
1.048700045794248581e-02,9.363920092582702637e-01,-2.340799942612648010e-02
9.581239819526672363e-01,-2.843200042843818665e-02,-5.691099911928176880e-02
9.475160241127014160e-01,-2.333799935877323151e-02,-5.528200045228004456e-02
9.443240165710449219e-01,-2.433400042355060577e-02,-5.611899867653846741e-02
9.535250067710876465e-01,-1.353199966251850128e-02,-5.696399882435798645e-02
9.544820189476013184e-01,-1.297700032591819763e-02,-5.705099925398826599e-02
9.485939741134643555e-01,-1.576299965381622314e-02,-5.544700101017951965e-02
9.443659782409667969e-01,-4.316199943423271179e-02,-5.479799956083297729e-02
9.570360183715820312e-01,-4.929700121283531189e-02,-5.728600174188613892e-02
9.358549714088439941e-01,-3.002200089395046234e-02,-5.534100160002708435e-02
9.550769925117492676e-01,-5.330700054764747620e-02,-5.644299834966659546e-02
9.438660144805908203e-01,-5.281800031661987305e-02,-5.472100153565406799e-02
9.281960129737854004e-01,-4.154599830508232117e-02,-5.463799834251403809e-02
9.297320246696472168e-01,-1.054900139570236206e-02,-5.255100131034851074e-02
9.245979785919189453e-01,-4.021500051021575928e-02,-5.430699884891510010e-02
9.354159832000732422e-01,-8.140001446008682251e-04,-5.342299863696098328e-02
9.524959921836853027e-01,-6.497199833393096924e-02,-5.686900019645690918e-02
9.214820265769958496e-01,-3.873400017619132996e-02,-5.128400027751922607e-02
9.394040107727050781e-01,-6.450500339269638062e-02,-5.566700175404548645e-02
9.495519995689392090e-01,-7.081600278615951538e-02,-5.659899860620498657e-02
9.325090050697326660e-01,1.009999960660934448e-02,-5.503400042653083801e-02
9.176579713821411133e-01,-5.116799846291542053e-02,-5.367000028491020203e-02
9.280790090560913086e-01,-6.653399765491485596e-02,-5.229699984192848206e-02
9.325720071792602539e-01,-6.997299939393997192e-02,-5.298700183629989624e-02
9.577530026435852051e-01,-7.950100302696228027e-02,-5.685399845242500305e-02
9.223859906196594238e-01,-6.543900072574615479e-02,-5.142199993133544922e-02
9.194880127906799316e-01,8.717998862266540527e-03,-5.097800120711326599e-02
9.028099775314331055e-01,-2.947999909520149231e-02,-4.841599985957145691e-02
9.282709956169128418e-01,-7.814300060272216797e-02,-5.464499816298484802e-02
9.139670133590698242e-01,-6.585299968719482422e-02,-5.012999847531318665e-02
9.041979908943176270e-01,-5.017700046300888062e-02,-4.862900078296661377e-02
9.045699834823608398e-01,-5.486699938774108887e-02,-5.246800184249877930e-02
9.136639833450317383e-01,-6.911200284957885742e-02,-5.008300021290779114e-02
-3.099820017814636230e-01,-7.088569998741149902e-01,3.075740039348602295e-01
-3.045090138912200928e-01,-7.135630249977111816e-01,3.075740039348602295e-01
-3.026359975337982178e-01,-7.231609821319580078e-01,3.051809966564178467e-01
-2.924169898033142090e-01,-7.119899988174438477e-01,3.075740039348602295e-01
-3.087390065193176270e-01,-7.267270088195800781e-01,3.057880103588104248e-01
-2.974289953708648682e-01,-7.247819900512695312e-01,3.075740039348602295e-01
-2.936759889125823975e-01,-6.961709856986999512e-01,3.075740039348602295e-01
-2.891719937324523926e-01,-7.034850120544433594e-01,3.038409948348999023e-01
-2.956089973449707031e-01,-6.916270256042480469e-01,3.044809997081756592e-01
-2.966350018978118896e-01,-6.891940236091613770e-01,3.056760132312774658e-01
-2.900330126285552979e-01,-7.222120165824890137e-01,3.039259910583496094e-01
-2.855120003223419189e-01,-6.985359787940979004e-01,3.075740039348602295e-01
-2.772519886493682861e-01,-7.153000235557556152e-01,3.026539981365203857e-01
-2.805419862270355225e-01,-6.820510029792785645e-01,3.075740039348602295e-01
-3.041850030422210693e-01,-7.496259808540344238e-01,3.053349852561950684e-01
-2.719720005989074707e-01,-6.916400194168090820e-01,3.075740039348602295e-01
-3.035309910774230957e-01,-7.501670122146606445e-01,3.052699863910675049e-01
-3.113470077514648438e-01,-7.539209723472595215e-01,3.053439855575561523e-01
-2.616319954395294189e-01,-6.956040263175964355e-01,3.075740039348602295e-01
-2.817319929599761963e-01,-7.504100203514099121e-01,3.030999898910522461e-01
-2.576200067996978760e-01,-7.145689725875854492e-01,3.007000088691711426e-01
-2.555750012397766113e-01,-7.141900062561035156e-01,3.004969954490661621e-01
-2.529999911785125732e-01,-7.214019894599914551e-01,3.075740039348602295e-01
-2.551009953022003174e-01,-7.327859997749328613e-01,3.075740039348602295e-01
-2.500500082969665527e-01,-7.075880169868469238e-01,2.999469935894012451e-01
-2.696059942245483398e-01,-7.535120248794555664e-01,3.018929958343505859e-01
-2.557660043239593506e-01,-6.749860048294067383e-01,3.075740039348602295e-01
-2.520940005779266357e-01,-6.816040277481079102e-01,3.075740039348602295e-01
-2.472240030765533447e-01,-6.968659758567810059e-01,2.996650040149688721e-01
-2.531700134277343750e-01,-6.773830056190490723e-01,3.002569973468780518e-01
-2.690320014953613281e-01,-7.621020078659057617e-01,3.018360137939453125e-01
-3.043699860572814941e-01,-7.762219905853271484e-01,3.075740039348602295e-01
4.631000012159347534e-02,-6.044579744338989258e-01,-1.036650016903877258e-01
5.054299905896186829e-02,-6.111189723014831543e-01,-1.016350015997886658e-01
4.598300158977508545e-02,-6.161460280418395996e-01,-1.001039966940879822e-01
6.085800006985664368e-02,-6.022999882698059082e-01,-1.043229997158050537e-01
6.251800060272216797e-02,-6.051949858665466309e-01,-1.034409999847412109e-01
2.801500074565410614e-02,-6.012279987335205078e-01,-1.046489998698234558e-01
6.131900101900100708e-02,-6.225389838218688965e-01,-9.815599769353866577e-02
4.620699957013130188e-02,-5.798230171203613281e-01,-1.107930019497871399e-01
6.445699930191040039e-02,-5.867379903793334961e-01,-1.088789999485015869e-01
7.575199753046035767e-02,-5.999130010604858398e-01,-1.050499975681304932e-01
3.344599902629852295e-02,-6.317890286445617676e-01,-9.533700346946716309e-02
2.814600057899951935e-02,-5.786780118942260742e-01,-1.111100018024444580e-01
4.724000021815299988e-02,-5.725139975547790527e-01,-1.128150001168251038e-01
8.337599784135818481e-02,-6.084929704666137695e-01,-1.024359986186027527e-01
5.474000051617622375e-02,-5.688959956169128418e-01,-1.138169988989830017e-01
7.530998438596725464e-03,-5.994719862937927246e-01,-1.051840037107467651e-01
8.350899815559387207e-02,-5.864830017089843750e-01,-1.089489981532096863e-01
8.599981665611267090e-04,-5.908799767494201660e-01,-1.077329963445663452e-01
9.482000023126602173e-02,-5.927630066871643066e-01,-1.072110012173652649e-01
6.244000047445297241e-02,-6.520310044288635254e-01,-8.877599984407424927e-02
8.417700231075286865e-02,-6.428290009498596191e-01,-9.183999896049499512e-02
9.755799919366836548e-02,-5.811060070991516113e-01,-1.104369983077049255e-01
7.803999632596969604e-02,-6.497030258178710938e-01,-8.955100178718566895e-02
-6.834000349044799805e-03,-6.247130036354064941e-01,-9.749300032854080200e-02
6.927199661731719971e-02,-6.551309823989868164e-01,-8.774399757385253906e-02
-7.582001388072967529e-03,-5.813879966735839844e-01,-1.103589981794357300e-01
2.753400057554244995e-02,-5.503460168838500977e-01,-1.189500018954277039e-01
8.223199844360351562e-02,-5.564190149307250977e-01,-1.172700002789497375e-01
8.033599704504013062e-02,-6.566209793090820312e-01,-8.724799752235412598e-02
6.686899811029434204e-02,-5.454400181770324707e-01,-1.202310025691986084e-01
8.420699834823608398e-02,-6.551629900932312012e-01,-8.773300051689147949e-02
1.043569967150688171e-01,-5.752620100975036621e-01,-1.120550036430358887e-01
-4.842559993267059326e-01,1.342259943485260010e-01,-1.361600030213594437e-02
-4.890849888324737549e-01,1.226999983191490173e-01,-1.374899968504905701e-02
-5.028010010719299316e-01,1.188720017671585083e-01,-1.412599999457597733e-02
-4.754939973354339600e-01,1.572870016098022461e-01,-1.337500009685754776e-02
-4.922100007534027100e-01,1.576849967241287231e-01,-1.383499987423419952e-02
-4.632570147514343262e-01,1.185399964451789856e-01,-1.303800009191036224e-02
-4.980480074882507324e-01,1.093449965119361877e-01,-1.399500016123056412e-02
-4.618659913539886475e-01,1.142230033874511719e-01,-1.300000026822090149e-02
-4.913609921932220459e-01,1.444779932498931885e-01,1.417500060051679611e-02
-4.536629915237426758e-01,1.339599937200546265e-01,-1.277399994432926178e-02
-4.950349926948547363e-01,1.631029993295669556e-01,-1.391300000250339508e-02
-4.654890000820159912e-01,1.093539968132972717e-01,-1.309899985790252686e-02
-5.024120211601257324e-01,1.088989973068237305e-01,-1.411600038409233093e-02
-4.755310118198394775e-01,1.252080053091049194e-01,1.530900131911039352e-02
-4.527480006217956543e-01,1.365880072116851807e-01,-1.274900045245885849e-02
-4.763480126857757568e-01,1.226520016789436340e-01,1.526699867099523544e-02
-5.020779967308044434e-01,1.398939937353134155e-01,1.335500087589025497e-02
-4.522680044174194336e-01,1.467549949884414673e-01,-1.273600012063980103e-02
-4.477440118789672852e-01,1.368999928236007690e-01,-1.261099986732006073e-02
-5.067269802093505859e-01,1.226650029420852661e-01,1.299900095909833908e-02
-4.778159856796264648e-01,9.744399785995483398e-02,-1.343899965286254883e-02
-4.957990050315856934e-01,1.711319983005523682e-01,-1.393400039523839951e-02
-5.215950012207031250e-01,1.238730028271675110e-01,-1.468400005251169205e-02
-5.230230093002319336e-01,1.366959959268569946e-01,-1.472999993711709976e-02
-5.106229782104492188e-01,1.050629988312721252e-01,-1.434099953621625900e-02
-5.063449740409851074e-01,1.152229979634284973e-01,1.302799861878156662e-02
-4.645679891109466553e-01,1.138940006494522095e-01,1.586800068616867065e-02
-4.555079936981201172e-01,1.409869939088821411e-01,1.633000001311302185e-02
-5.232909917831420898e-01,1.164759993553161621e-01,-1.473799999803304672e-02
-4.992229938507080078e-01,1.744239926338195801e-01,-1.402799971401691437e-02
-5.054720044136047363e-01,9.660899639129638672e-02,-1.420000009238719940e-02
-5.273820161819458008e-01,1.392039954662322998e-01,-1.487000007182359695e-02
5.921499729156494141e-01,-7.100000046193599701e-03,-7.693999912589788437e-03
5.863220095634460449e-01,-5.264000035822391510e-03,-7.100999820977449417e-03
5.855759978294372559e-01,-3.984000068157911301e-03,-7.025000173598527908e-03
6.104670166969299316e-01,-1.996000297367572784e-03,-9.560000151395797729e-03
5.963029861450195312e-01,1.534000132232904434e-02,-8.116999641060829163e-03
5.706369876861572266e-01,2.896999940276145935e-03,-5.503000225871801376e-03
6.058719754219055176e-01,1.325900014489889145e-02,-9.092000313103199005e-03
5.681369900703430176e-01,-9.289998561143875122e-04,-5.249000154435634613e-03
5.769569873809814453e-01,1.285100076347589493e-02,-6.147000007331371307e-03
5.925949811935424805e-01,9.923999197781085968e-03,-2.857000008225440979e-02
6.205649971961975098e-01,-6.147999782115221024e-03,-1.058799959719181061e-02
5.739650130271911621e-01,1.662099733948707581e-02,-5.841999780386686325e-03
6.186460256576538086e-01,1.001099962741136551e-02,-1.039300020784139633e-02
6.149929761886596680e-01,-1.538299955427646637e-02,-3.001300059258937836e-02
5.578140020370483398e-01,2.800021320581436157e-05,-6.424999795854091644e-03
5.641390085220336914e-01,5.950000137090682983e-03,-2.682100050151348114e-02
5.682749748229980469e-01,1.367399934679269791e-02,-2.707500010728836060e-02
5.922530293464660645e-01,3.012900054454803467e-02,-7.705000229179859161e-03
5.835899710655212402e-01,2.539699897170066833e-02,-2.801699936389923096e-02
6.251140236854553223e-01,-1.927999779582023621e-03,-3.069600090384483337e-02
5.550749897956848145e-01,8.549997583031654358e-04,-2.613100036978721619e-02
5.785239934921264648e-01,3.282000124454498291e-02,-6.306000053882598877e-03
5.579959750175476074e-01,1.473999861627817154e-02,-2.644300088286399841e-02
5.937200188636779785e-01,3.788200020790100098e-02,-7.853999733924865723e-03
5.874069929122924805e-01,3.854500129818916321e-02,-7.211000192910432816e-03
6.281390190124511719e-01,9.537001140415668488e-03,-3.090099990367889404e-02
5.984029769897460938e-01,3.895600140094757080e-02,-8.330999873578548431e-03
5.701469779014587402e-01,3.041899949312210083e-02,-2.718999981880187988e-02
5.452659726142883301e-01,3.818999975919723511e-03,-7.505000103265047073e-03
5.673800110816955566e-01,3.430100157856941223e-02,-5.171999800950288773e-03
5.438280105590820312e-01,8.888999931514263153e-03,-2.772999927401542664e-03
5.438470244407653809e-01,4.247999750077724457e-03,-2.104699984192848206e-02
9.730400145053863525e-02,6.627330183982849121e-01,-1.557119935750961304e-01
9.742800146341323853e-02,6.674739718437194824e-01,-1.485890001058578491e-01
9.698499739170074463e-02,6.564019918441772461e-01,-1.491270065307617188e-01
8.450300246477127075e-02,6.627539992332458496e-01,-1.557089984416961670e-01
9.338899701833724976e-02,6.770970225334167480e-01,-1.535010039806365967e-01
1.009289994835853577e-01,6.515430212020874023e-01,-1.443330049514770508e-01
8.451700210571289062e-02,6.732500195503234863e-01,-1.544869989156723022e-01
9.059599786996841431e-02,6.791390180587768555e-01,-1.569010019302368164e-01
9.720399975776672363e-02,6.793490052223205566e-01,-1.488610059022903442e-01
8.375299721956253052e-02,6.486870050430297852e-01,-1.573490053415298462e-01
9.257800132036209106e-02,6.419420242309570312e-01,-1.544889956712722778e-01
8.140700310468673706e-02,6.463999748229980469e-01,-1.680790036916732788e-01
1.000590026378631592e-01,6.367980241775512695e-01,-1.427479982376098633e-01
9.627299755811691284e-02,6.921100020408630371e-01,-1.499930024147033691e-01
1.000590026378631592e-01,6.651120185852050781e-01,-1.253889948129653931e-01
6.533499807119369507e-02,6.592640280723571777e-01,-1.561159938573837280e-01
9.249699860811233521e-02,6.301810145378112793e-01,-1.545879989862442017e-01
9.090899676084518433e-02,6.983860135078430176e-01,-1.512849926948547363e-01
1.000590026378631592e-01,7.019429802894592285e-01,-1.497289985418319702e-01
1.000590026378631592e-01,6.254280209541320801e-01,-1.392399966716766357e-01
9.765399992465972900e-02,6.208789944648742676e-01,-1.483139991760253906e-01
1.000590026378631592e-01,6.859499812126159668e-01,-1.202059984207153320e-01
6.128000095486640930e-02,6.872100234031677246e-01,-1.528259962797164917e-01
9.569100290536880493e-02,7.060409784317016602e-01,-1.502290070056915283e-01
9.346400201320648193e-02,7.082020044326782227e-01,-1.534149944782257080e-01
1.000590026378631592e-01,6.175090074539184570e-01,-1.497749984264373779e-01
5.991699919104576111e-02,6.346229910850524902e-01,-1.587789952754974365e-01
1.000590026378631592e-01,6.145489811897277832e-01,-1.567800045013427734e-01
1.000590026378631592e-01,6.184260249137878418e-01,-1.355980038642883301e-01
5.224800109863281250e-02,6.424729824066162109e-01,-1.580310016870498657e-01
1.000590026378631592e-01,6.133040189743041992e-01,-1.526499986648559570e-01
4.998699948191642761e-02,6.444810032844543457e-01,-1.578390002250671387e-01
-4.856999963521957397e-03,-7.737219929695129395e-01,1.980070024728775024e-01
5.402000620961189270e-03,-7.749249935150146484e-01,1.898089945316314697e-01
1.356500014662742615e-02,-7.711449861526489258e-01,1.997009962797164917e-01
1.271500065922737122e-02,-7.651159763336181641e-01,2.056349962949752808e-01
-2.856000093743205070e-03,-7.626349925994873047e-01,2.180559933185577393e-01
1.479599997401237488e-02,-7.627670168876647949e-01,1.911100000143051147e-01
1.058300025761127472e-02,-7.689539790153503418e-01,1.800089925527572632e-01
-5.919998511672019958e-04,-7.659419775009155273e-01,1.750649958848953247e-01
1.288999803364276886e-03,-7.906849980354309082e-01,2.156759947538375854e-01
1.068599987775087357e-02,-7.698280215263366699e-01,2.197899967432022095e-01
1.061599981039762497e-02,-7.805470228195190430e-01,2.202810049057006836e-01
1.276100054383277893e-02,-7.522119879722595215e-01,2.053110003471374512e-01
-6.277000065892934799e-03,-7.477769851684570312e-01,1.837799996137619019e-01
1.284999959170818329e-02,-7.645390033721923828e-01,1.727640032768249512e-01
-2.844000002369284630e-03,-7.470639944076538086e-01,2.181680053472518921e-01
1.737100072205066681e-02,-7.622190117835998535e-01,1.731369942426681519e-01
8.674999698996543884e-03,-7.606559991836547852e-01,1.663900017738342285e-01
1.740299910306930542e-02,-7.561680078506469727e-01,1.729159951210021973e-01
-6.800000090152025223e-03,-7.408409714698791504e-01,1.785330027341842651e-01
-1.227000029757618904e-03,-7.592319846153259277e-01,2.343759983777999878e-01
1.784699968993663788e-02,-7.544919848442077637e-01,1.698170006275177002e-01
1.276599988341331482e-02,-7.373160123825073242e-01,2.052749991416931152e-01
-1.399999950081110001e-03,-7.489510178565979004e-01,2.326329946517944336e-01
8.206999860703945160e-03,-7.566580176353454590e-01,1.598269939422607422e-01
-1.207000110298395157e-03,-7.476260066032409668e-01,2.345730066299438477e-01
8.144999854266643524e-03,-7.959010004997253418e-01,2.375250011682510376e-01
9.903999976813793182e-03,-7.376999855041503906e-01,2.252530008554458618e-01
1.871000044047832489e-02,-7.450969815254211426e-01,1.637910008430480957e-01
-5.609999876469373703e-03,-7.222329974174499512e-01,1.904529929161071777e-01
1.839699968695640564e-02,-7.381020188331604004e-01,1.659760028123855591e-01
-3.223000094294548035e-03,-7.230709791183471680e-01,2.143670022487640381e-01
5.499999970197677612e-04,-7.784649729728698730e-01,2.521770000457763672e-01
-1.947540044784545898e-01,1.635410040616989136e-01,-8.096000179648399353e-03
-1.898850053548812866e-01,1.781349927186965942e-01,-8.051999844610691071e-03
-1.876679956912994385e-01,1.827919930219650269e-01,-8.031999692320823669e-03
-2.027029991149902344e-01,1.433600038290023804e-01,-8.166999556124210358e-03
-2.084520012140274048e-01,1.821070015430450439e-01,-8.218999952077865601e-03
-2.190289944410324097e-01,1.663790047168731689e-01,-8.332000114023685455e-03
-1.890109926462173462e-01,1.883450001478195190e-01,-8.043999783694744110e-03
-2.201450020074844360e-01,1.666239947080612183e-01,-8.346999995410442352e-03
-2.226790040731430054e-01,1.653520017862319946e-01,-8.382000029087066650e-03
-2.213519960641860962e-01,1.535480022430419922e-01,-8.364000357687473297e-03
-2.207230031490325928e-01,1.797180026769638062e-01,-8.355000056326389313e-03
-2.039609998464584351e-01,1.673250049352645874e-01,2.626500092446804047e-02
-1.862110048532485962e-01,1.638959944248199463e-01,2.671799995005130768e-02
-1.585280001163482666e-01,1.555320024490356445e-01,-7.770000025629997253e-03
-1.833710074424743652e-01,1.739600002765655518e-01,2.679100073873996735e-02
-2.119970023632049561e-01,1.662710011005401611e-01,2.605899982154369354e-02
-1.824789941310882568e-01,1.508619934320449829e-01,2.681400068104267120e-02
-1.984689980745315552e-01,2.042450010776519775e-01,-8.128999732434749603e-03
-1.994380056858062744e-01,1.227800026535987854e-01,-8.138000033795833588e-03
-1.766539961099624634e-01,1.258859932422637939e-01,-7.933000102639198303e-03
-2.165649980306625366e-01,1.791339963674545288e-01,2.594299800693988800e-02
-2.352160066366195679e-01,1.800210028886795044e-01,-8.551999926567077637e-03
-1.867610067129135132e-01,1.887390017509460449e-01,2.670400030910968781e-02
-2.106180042028427124e-01,2.063799947500228882e-01,-8.237999863922595978e-03
-2.258909940719604492e-01,1.972949951887130737e-01,-8.425000123679637909e-03
-2.265190035104751587e-01,1.742430031299591064e-01,2.568800188601016998e-02
-1.527110040187835693e-01,1.409810036420822144e-01,-7.718000095337629318e-03
-2.251020073890686035e-01,2.005140036344528198e-01,-8.414999581873416901e-03
-1.630290001630783081e-01,1.722089946269989014e-01,2.731099911034107208e-02
-1.666129976511001587e-01,1.413470059633255005e-01,2.721899934113025665e-02
-1.478240042924880981e-01,1.429120004177093506e-01,-7.674000225961208344e-03
-1.918500065803527832e-01,1.256189942359924316e-01,2.657400257885456085e-02
3.018440008163452148e-01,-6.825079917907714844e-01,5.522000137716531754e-03
2.858250141143798828e-01,-6.825079917907714844e-01,2.345999935641884804e-03
2.844280004501342773e-01,-6.825079917907714844e-01,3.550000023096799850e-03
2.834140062332153320e-01,-6.729500293731689453e-01,1.744499988853931427e-02
2.767269909381866455e-01,-6.825079917907714844e-01,1.711500063538551331e-02
2.771030068397521973e-01,-6.628789901733398438e-01,2.372999908402562141e-03
2.704229950904846191e-01,-6.584470272064208984e-01,1.510299928486347198e-02
2.607659995555877686e-01,-6.520360112190246582e-01,2.846000017598271370e-03
2.497230023145675659e-01,-6.825079917907714844e-01,1.356299966573715210e-02
2.475100010633468628e-01,-6.825079917907714844e-01,3.310000058263540268e-03
2.512759864330291748e-01,-6.684690117835998535e-01,-1.174000091850757599e-02
2.471400052309036255e-01,-6.825079917907714844e-01,-3.452999982982873917e-03
2.459090054035186768e-01,-6.825079917907714844e-01,3.867000108584761620e-03
2.390190064907073975e-01,-6.825079917907714844e-01,-1.077300123870372772e-02
2.345670014619827271e-01,-6.814439892768859863e-01,1.992199942469596863e-02
2.435999959707260132e-01,-6.477059721946716309e-01,1.946399919688701630e-02
2.445109933614730835e-01,-6.412469744682312012e-01,1.563799940049648285e-02
2.264149934053421021e-01,-6.825079917907714844e-01,-1.087000127881765366e-03
2.281759977340698242e-01,-6.652100086212158203e-01,2.024599909782409668e-02
2.300239950418472290e-01,-6.547530293464660645e-01,2.015200071036815643e-02
2.341440021991729736e-01,-6.453539729118347168e-01,-1.114599965512752533e-02
2.225300073623657227e-01,-6.825079917907714844e-01,9.696999564766883850e-03
2.253189980983734131e-01,-6.618989706039428711e-01,2.039000019431114197e-02
2.200340032577514648e-01,-6.825079917907714844e-01,7.768000010401010513e-03
2.227240055799484253e-01,-6.654419898986816406e-01,2.052200026810169220e-02
2.347089946269989014e-01,-6.347410082817077637e-01,1.319300010800361633e-02
2.345560044050216675e-01,-6.346369981765747070e-01,-6.426000501960515976e-03
2.190199941396713257e-01,-6.765429973602294922e-01,-1.067399978637695312e-02
2.306099981069564819e-01,-6.320199966430664062e-01,1.085400022566318512e-02
2.152310013771057129e-01,-6.811500191688537598e-01,2.090200036764144897e-02
2.121589928865432739e-01,-6.825079917907714844e-01,-9.581999853253364563e-03
2.252490073442459106e-01,-6.314780116081237793e-01,2.039399929344654083e-02
1.544419974088668823e-01,4.223229885101318359e-01,-8.744000457227230072e-03
1.639409959316253662e-01,4.267390072345733643e-01,-8.983000181615352631e-03
1.497800052165985107e-01,4.100149869918823242e-01,-8.626000024378299713e-03
1.369740068912506104e-01,4.190599918365478516e-01,-8.302999660372734070e-03
1.464190036058425903e-01,4.385080039501190186e-01,-8.541000075638294220e-03
1.538860052824020386e-01,4.437189996242523193e-01,-8.729999884963035583e-03
1.710380017757415771e-01,4.075019955635070801e-01,-9.173000231385231018e-03
1.374640017747879028e-01,4.422880113124847412e-01,-8.314999751746654510e-03
1.753679960966110229e-01,4.031180143356323242e-01,-9.309000335633754730e-03
1.516889929771423340e-01,4.499639868736267090e-01,9.669996798038482666e-04
1.832789927721023560e-01,4.318610131740570068e-01,-9.556000120937824249e-03
1.823049932718276978e-01,4.328469932079315186e-01,-2.487000077962875366e-03
1.815090030431747437e-01,4.332920014858245850e-01,4.190001636743545532e-04
1.465259939432144165e-01,4.528500139713287354e-01,-2.520000096410512924e-03
1.506550014019012451e-01,4.260030090808868408e-01,2.380099892616271973e-02
1.872050017118453979e-01,4.175609946250915527e-01,-9.678999893367290497e-03
1.778009980916976929e-01,3.978300094604492188e-01,-9.384999983012676239e-03
1.517010033130645752e-01,4.131030142307281494e-01,2.377399802207946777e-02
1.524489969015121460e-01,3.865050077438354492e-01,-8.693000301718711853e-03
1.915930062532424927e-01,4.202669858932495117e-01,-9.816000238060951233e-03
1.679690033197402954e-01,4.395520091056823730e-01,2.329899743199348450e-02
1.329910010099411011e-01,4.220069944858551025e-01,2.424699813127517700e-02
1.470430046319961548e-01,4.431860148906707764e-01,2.389200031757354736e-02
1.387590020895004272e-01,4.571920037269592285e-01,2.791999839246273041e-03
1.260689944028854370e-01,3.941540122032165527e-01,-8.027999661862850189e-03
1.752929985523223877e-01,3.881239891052246094e-01,-9.306999854743480682e-03
1.386789977550506592e-01,4.572370052337646484e-01,1.016900036484003067e-02
1.256030052900314331e-01,4.291830062866210938e-01,2.443400025367736816e-02
1.935490071773529053e-01,4.007520079612731934e-01,-9.877000004053115845e-03
1.522960066795349121e-01,3.905630111694335938e-01,2.375900000333786011e-02
1.293639987707138062e-01,4.620310068130493164e-01,-8.111000061035156250e-03
1.310829967260360718e-01,3.815250098705291748e-01,-8.154000155627727509e-03
2.702400088310241699e-02,2.249400019645690918e-01,4.335499927401542664e-02
3.280799835920333862e-02,2.176569998264312744e-01,4.281099885702133179e-02
1.461100019514560699e-02,2.381229996681213379e-01,4.399999976158142090e-02
3.914399817585945129e-02,2.354799956083297729e-01,2.661800011992454529e-02
1.556299999356269836e-02,2.468760013580322266e-01,4.418699815869331360e-02
3.797300159931182861e-02,2.075850069522857666e-01,2.937600016593933105e-02
3.926299884915351868e-02,2.110030055046081543e-01,2.661499939858913422e-02
2.023099921643733978e-02,1.989019960165023804e-01,4.076600074768066406e-02
2.822799980640411377e-02,2.529200017452239990e-01,4.422799870371818542e-02
4.732200130820274353e-02,2.344110012054443359e-01,2.641200087964534760e-02
-2.142000943422317505e-03,2.205850034952163696e-01,4.304600134491920471e-02
5.270399898290634155e-02,2.269050031900405884e-01,2.627599984407424927e-02
5.336700007319450378e-02,2.235279977321624756e-01,2.625899948179721832e-02
3.621999919414520264e-02,2.562339901924133301e-01,4.158800095319747925e-02
1.826399937272071838e-02,2.573080062866210938e-01,4.422799870371818542e-02
4.035399854183197021e-02,2.517270147800445557e-01,2.658800035715103149e-02
4.219999909400939941e-02,1.980700045824050903e-01,2.654100023210048676e-02
-2.230999991297721863e-03,2.492779940366744995e-01,4.421100020408630371e-02
-7.952000945806503296e-03,2.416729927062988281e-01,4.410799965262413025e-02
-5.051001906394958496e-03,2.016920000314712524e-01,4.113499820232391357e-02
2.276000007987022400e-02,2.650960087776184082e-01,4.422799870371818542e-02
4.330400004982948303e-02,2.581050097942352295e-01,2.651299908757209778e-02
-2.227999269962310791e-03,2.550149857997894287e-01,4.422799870371818542e-02
3.776200115680694580e-02,2.648000121116638184e-01,3.084599971771240234e-02
-1.567300036549568176e-02,2.350749969482421875e-01,4.390799999237060547e-02
-1.861199736595153809e-02,2.243440002202987671e-01,4.331300035119056702e-02
3.589800000190734863e-02,2.720600068569183350e-01,4.387599974870681763e-02
1.073100045323371887e-02,2.703590095043182373e-01,4.422799870371818542e-02
6.999400258064270020e-02,2.071440070867538452e-01,2.583899907767772675e-02
-2.053200080990791321e-02,2.098499983549118042e-01,4.094500094652175903e-02
-2.118299901485443115e-02,2.391300052404403687e-01,3.439399972558021545e-02
-8.228998631238937378e-03,1.879239976406097412e-01,3.916399925947189331e-02
-1.206689998507499695e-01,-6.110879778861999512e-01,3.075740039348602295e-01
-1.045069992542266846e-01,-6.065040230751037598e-01,3.075740039348602295e-01
-1.298490017652511597e-01,-6.252099871635437012e-01,3.075740039348602295e-01
-1.032729968428611755e-01,-6.170060038566589355e-01,3.075740039348602295e-01
-1.116779968142509460e-01,-6.293920278549194336e-01,3.075740039348602295e-01
-1.364450007677078247e-01,-6.244029998779296875e-01,3.075740039348602295e-01
-1.073670014739036560e-01,-6.147279739379882812e-01,2.857449948787689209e-01
-9.474299848079681396e-02,-6.182349920272827148e-01,3.075740039348602295e-01
-1.397639960050582886e-01,-6.184589862823486328e-01,2.889699935913085938e-01
-1.043279990553855896e-01,-6.045389771461486816e-01,2.854430079460144043e-01
-1.051980033516883850e-01,-6.373789906501770020e-01,3.075740039348602295e-01
-1.209919974207878113e-01,-5.883359909057617188e-01,2.871010005474090576e-01
-1.328870058059692383e-01,-6.324239969253540039e-01,2.882849872112274170e-01
-1.009360030293464661e-01,-6.214349865913391113e-01,2.851049900054931641e-01
-1.302659958600997925e-01,-5.806009769439697266e-01,3.058460056781768799e-01
-8.891600370407104492e-02,-6.025210022926330566e-01,3.075740039348602295e-01
-1.477340012788772583e-01,-6.208369731903076172e-01,2.897630035877227783e-01
-1.435829997062683105e-01,-5.916910171508789062e-01,2.893500030040740967e-01
-1.452870070934295654e-01,-5.904060006141662598e-01,2.920979857444763184e-01
-1.238979995250701904e-01,-6.481649875640869141e-01,3.075740039348602295e-01
-1.069369986653327942e-01,-5.744879841804504395e-01,3.075740039348602295e-01
-1.551350057125091553e-01,-6.011829972267150879e-01,2.904990017414093018e-01
-1.110680028796195984e-01,-5.790029764175415039e-01,2.861129939556121826e-01
-1.267450004816055298e-01,-6.453440189361572266e-01,2.876740097999572754e-01
-8.100199699401855469e-02,-6.178290247917175293e-01,3.075740039348602295e-01
-1.151420027017593384e-01,-6.512560248374938965e-01,3.075740039348602295e-01
-8.569999784231185913e-02,-6.318500041961669922e-01,3.075740039348602295e-01
-1.435440033674240112e-01,-6.400730013847351074e-01,2.893460094928741455e-01
-9.577500075101852417e-02,-6.441370248794555664e-01,3.075740039348602295e-01
-7.919199764728546143e-02,-6.148170232772827148e-01,3.075740039348602295e-01
-8.401899784803390503e-02,-6.330779790878295898e-01,3.075740039348602295e-01
-9.185200184583663940e-02,-5.775460004806518555e-01,3.075740039348602295e-01
5.964369773864746094e-01,2.013179957866668701e-01,-2.686399966478347778e-02
5.835589766502380371e-01,2.085179984569549561e-01,-2.638299949467182159e-02
5.819410085678100586e-01,2.094230055809020996e-01,-2.401899918913841248e-02
6.070520281791687012e-01,1.953849941492080688e-01,-1.124399993568658829e-02
6.139010190963745117e-01,1.915560066699981689e-01,-1.621400006115436554e-02
6.046519875526428223e-01,1.873870044946670532e-01,-8.967999368906021118e-03
6.180359721183776855e-01,1.892430037260055542e-01,-2.301700040698051453e-02
5.703740119934082031e-01,2.030840069055557251e-01,-2.720399945974349976e-02
5.821329951286315918e-01,1.883019953966140747e-01,-6.673999130725860596e-03
5.985429883003234863e-01,1.801030039787292480e-01,-8.345000445842742920e-03
6.226840019226074219e-01,1.866440027952194214e-01,-3.039599955081939697e-02
6.115739941596984863e-01,1.726900041103363037e-01,-2.978200092911720276e-02
6.257010102272033691e-01,1.849579960107803345e-01,-2.374400012195110321e-02
6.252930164337158203e-01,1.824939996004104614e-01,-3.070800006389617920e-02
5.671290159225463867e-01,2.011419981718063354e-01,-5.146000534296035767e-03
6.201699972152709961e-01,1.746760010719299316e-01,-1.054799929261207581e-02
6.191170215606689453e-01,1.698209941387176514e-01,-1.044099964201450348e-02
5.592889785766601562e-01,2.220879942178726196e-01,-2.104200050234794617e-02
5.629429817199707031e-01,2.200450003147125244e-01,-6.963999941945075989e-03
5.829730033874511719e-01,1.640149950981140137e-01,-6.759999319911003113e-03
5.583750009536743164e-01,1.934179961681365967e-01,-4.254000261425971985e-03
6.015700101852416992e-01,1.574520021677017212e-01,-8.654000237584114075e-03
6.069520115852355957e-01,1.557929962873458862e-01,-9.201999753713607788e-03
5.509129762649536133e-01,1.969189941883087158e-01,-3.494000062346458435e-03
5.551999807357788086e-01,1.792480051517486572e-01,-3.931000828742980957e-03
6.406900286674499512e-01,1.736969947814941406e-01,-3.174800053238868713e-02
6.065359711647033691e-01,1.519780009984970093e-01,-9.158998727798461914e-03
5.601469874382019043e-01,1.613370031118392944e-01,-2.657499909400939941e-02
5.416349768638610840e-01,1.960709989070892334e-01,-2.543699927628040314e-02
5.814030170440673828e-01,1.522119939327239990e-01,-6.599999964237213135e-03
6.249539852142333984e-01,1.562899947166442871e-01,-1.103499904274940491e-02
5.722609758377075195e-01,1.507650017738342285e-01,-2.731999941170215607e-02
-5.276700109243392944e-02,8.197680115699768066e-01,-1.660259962081909180e-01
-5.387900024652481079e-02,8.051519989967346191e-01,-1.646730005741119385e-01
-5.341399833559989929e-02,8.242020010948181152e-01,-1.495220065116882324e-01
-5.669799819588661194e-02,8.264759778976440430e-01,-1.503420025110244751e-01
-5.932499840855598450e-02,8.148180246353149414e-01,-1.494500041007995605e-01
-5.243200063705444336e-02,8.006489872932434082e-01,-1.664340049028396606e-01
-4.374499991536140442e-02,8.152970075607299805e-01,-1.416909992694854736e-01
-6.001399829983711243e-02,7.955330014228820801e-01,-1.572100073099136353e-01
-4.657299816608428955e-02,8.457260131835937500e-01,-1.601639986038208008e-01
-5.095399916172027588e-02,7.920659780502319336e-01,-1.682319939136505127e-01
-5.434300005435943604e-02,8.369140028953552246e-01,-1.413390040397644043e-01
-5.370699986815452576e-02,8.397330045700073242e-01,-1.418340057134628296e-01
-5.084799975156784058e-02,8.524240255355834961e-01,-1.672279983758926392e-01
-5.138000100851058960e-02,8.006410002708435059e-01,-1.348759979009628296e-01
-3.794600069522857666e-02,8.532400131225585938e-01,-1.619829982519149780e-01
-4.974900186061859131e-02,8.572940230369567871e-01,-1.682270020246505737e-01
-1.817899942398071289e-02,8.234450221061706543e-01,-1.488869935274124146e-01
-5.184099823236465454e-02,8.480070233345031738e-01,-1.375200003385543823e-01
-2.852999977767467499e-02,8.091279864311218262e-01,-1.342750042676925659e-01
-3.129199892282485962e-02,8.034449815750122070e-01,-1.343680024147033691e-01
-2.358499914407730103e-02,8.116549849510192871e-01,-1.373129934072494507e-01
-6.000600010156631470e-02,7.791020274162292480e-01,-1.572189927101135254e-01
-1.936599984765052795e-02,8.107050061225891113e-01,-1.361699998378753662e-01
-5.054499953985214233e-02,8.537629842758178711e-01,-1.311749964952468872e-01
-7.082998752593994141e-03,8.204140067100524902e-01,-1.462499946355819702e-01
-4.941599816083908081e-02,8.587710261344909668e-01,-1.324910074472427368e-01
-5.297100171446800232e-02,7.648640275001525879e-01,-1.657789945602416992e-01
-4.595600068569183350e-02,8.741090297698974609e-01,-1.615529954433441162e-01
-1.116700097918510437e-02,7.977849841117858887e-01,-1.353929936885833740e-01
-4.541499912738800049e-02,8.757969737052917480e-01,-1.625789999961853027e-01
-3.567099943757057190e-02,7.697299718856811523e-01,-1.404740065336227417e-01
-6.699600070714950562e-02,7.650579810142517090e-01,-1.487170010805130005e-01
5.486699938774108887e-02,2.903999947011470795e-02,2.622099965810775757e-02
6.573999673128128052e-02,4.017800092697143555e-02,2.594600059092044830e-02
5.392099916934967041e-02,1.096300035715103149e-02,2.624499984085559845e-02
4.461399838328361511e-02,4.530199989676475525e-02,2.648000046610832214e-02
6.148799881339073181e-02,8.429000154137611389e-03,2.605400048196315765e-02
5.848800018429756165e-02,3.081399947404861450e-02,2.438999712467193604e-03
5.437700077891349792e-02,4.285600036382675171e-02,4.590000957250595093e-03
6.277099996805191040e-02,2.148599922657012939e-02,2.438999712467193604e-03
7.166600227355957031e-02,4.962100088596343994e-02,2.579700015485286713e-02
5.319000035524368286e-02,5.576099827885627747e-02,2.626300044357776642e-02
4.459999874234199524e-02,2.041699923574924469e-02,2.438999712467193604e-03
4.847100004553794861e-02,1.640300080180168152e-02,2.438999712467193604e-03
6.752700358629226685e-02,5.393899977207183838e-02,2.590099908411502838e-02
4.186499863862991333e-02,4.076100140810012817e-02,4.069998860359191895e-03
3.874199837446212769e-02,3.589000180363655090e-02,2.861998975276947021e-03
8.322100341320037842e-02,2.146600000560283661e-02,2.550500072538852692e-02
7.086700201034545898e-02,4.029899835586547852e-02,3.955999389290809631e-03
3.566100075840950012e-02,3.348900005221366882e-02,2.438999712467193604e-03
3.805899992585182190e-02,1.426799967885017395e-02,2.438999712467193604e-03
4.150100052356719971e-02,6.009300053119659424e-02,2.655900083482265472e-02
4.502499848604202271e-02,5.745200067758560181e-02,8.209999650716781616e-03
5.366399884223937988e-02,6.181900203227996826e-02,9.293001145124435425e-03
3.676199913024902344e-02,5.552500113844871521e-02,7.732000201940536499e-03
9.311100095510482788e-02,2.637900039553642273e-02,2.525500021874904633e-02
2.989600040018558502e-02,5.118900164961814880e-02,6.657000631093978882e-03
8.050099760293960571e-02,5.044500157237052917e-02,6.471998989582061768e-03
9.175799787044525146e-02,1.611699908971786499e-02,2.528899908065795898e-02
3.375599905848503113e-02,5.999999120831489563e-03,2.438999712467193604e-03
8.572000265121459961e-02,3.557199984788894653e-02,2.783000469207763672e-03
8.256699889898300171e-02,1.235800050199031830e-02,2.438999712467193604e-03
2.073200047016143799e-02,3.820599988102912903e-02,3.436999395489692688e-03
2.329800277948379517e-02,4.843400046229362488e-02,5.973000079393386841e-03
-6.849809885025024414e-01,1.525640040636062622e-01,-1.850599981844425201e-02
-6.913579702377319336e-01,1.491480022668838501e-01,-1.446199975907802582e-02
-6.811050176620483398e-01,1.419579982757568359e-01,-2.033800072968006134e-02
-6.864820122718811035e-01,1.517589986324310303e-01,-5.571000277996063232e-03
-6.818100214004516602e-01,1.399980038404464722e-01,-2.036700025200843811e-02
-6.696149706840515137e-01,1.517899930477142334e-01,-1.986199989914894104e-02
-6.691300272941589355e-01,1.610540002584457397e-01,-1.587699912488460541e-02
-6.903660297393798828e-01,1.346060037612915039e-01,-2.072099968791007996e-02
-7.015619874000549316e-01,1.436820030212402344e-01,-9.163999930024147034e-03
-7.036129832267761230e-01,1.425829976797103882e-01,-1.275100000202655792e-02
-6.979629993438720703e-01,1.432130038738250732e-01,-3.142000176012516022e-03
-6.653249859809875488e-01,1.630920022726058960e-01,-1.721600070595741272e-02
-6.816890239715576172e-01,1.378130018711090088e-01,-1.478999853134155273e-03
-6.929389834403991699e-01,1.351740062236785889e-01,-2.628000453114509583e-03
-7.064999938011169434e-01,1.395920068025588989e-01,-2.139000035822391510e-02
-7.074339985847473145e-01,1.391270011663436890e-01,-2.142800018191337585e-02
-6.612179875373840332e-01,1.395930051803588867e-01,-1.951600052416324615e-02
-6.694309711456298828e-01,1.388660073280334473e-01,-2.270005643367767334e-04
-6.610800027847290039e-01,1.653639972209930420e-01,-9.836000390350818634e-03
-6.726899743080139160e-01,1.267970055341720581e-01,-1.998900063335895538e-02
-6.630110144615173340e-01,1.469700038433074951e-01,4.280004650354385376e-04
-6.614300012588500977e-01,1.651770025491714478e-01,-5.702000111341476440e-03
-6.639109849929809570e-01,1.315509974956512451e-01,-1.962500065565109253e-02
-6.657119989395141602e-01,1.380680054426193237e-01,1.529995352029800415e-04
-6.952630281448364258e-01,1.231449991464614868e-01,-2.092400006949901581e-02
-6.606590151786804199e-01,1.327050030231475830e-01,-1.949499920010566711e-02
-6.591079831123352051e-01,1.664209961891174316e-01,-4.614000208675861359e-03
-6.581450104713439941e-01,1.669359952211380005e-01,-6.899999454617500305e-03
-6.739130020141601562e-01,1.257870048284530640e-01,-6.850007921457290649e-04
-6.606029868125915527e-01,1.339309960603713989e-01,6.740000098943710327e-04
-6.526790261268615723e-01,1.698630005121231079e-01,-7.137000560760498047e-03
-7.190799713134765625e-01,1.342989951372146606e-01,-9.576000273227691650e-03
4.402090013027191162e-01,9.152899682521820068e-02,6.585999857634305954e-03
4.455600082874298096e-01,9.426599740982055664e-02,6.178000010550022125e-03
4.440689980983734131e-01,8.011300116777420044e-02,6.291999947279691696e-03
4.588049948215484619e-01,8.842799812555313110e-02,5.167999770492315292e-03
4.545460045337677002e-01,7.393199950456619263e-02,5.493000149726867676e-03
4.488080143928527832e-01,6.969600170850753784e-02,5.929999984800815582e-03
4.468800127506256104e-01,6.856200098991394043e-02,6.076999939978122711e-03
4.473380148410797119e-01,1.190280020236968994e-01,6.041999906301498413e-03
4.163689911365509033e-01,1.088870018720626831e-01,8.403000421822071075e-03
4.384739995002746582e-01,1.210379973053932190e-01,6.717999931424856186e-03
4.368810057640075684e-01,7.569900155067443848e-02,-1.970599964261054993e-02
4.526970088481903076e-01,8.139500021934509277e-02,-2.048699930310249329e-02
4.552119970321655273e-01,9.897699952125549316e-02,-2.061099931597709656e-02
4.291769862174987793e-01,6.021599844098091125e-02,7.426999974995851517e-03
4.124990105628967285e-01,1.106690019369125366e-01,8.697999641299247742e-03
4.432860016822814941e-01,1.277280002832412720e-01,6.351000163704156876e-03
4.566960036754608154e-01,7.314100116491317749e-02,-2.068500034511089325e-02
4.013240039348602295e-01,9.447500109672546387e-02,9.549999609589576721e-03
4.093979895114898682e-01,9.158299863338470459e-02,-1.834899932146072388e-02
4.240700006484985352e-01,6.560699641704559326e-02,-1.907300017774105072e-02
4.798879921436309814e-01,8.586200326681137085e-02,3.561000106856226921e-03
4.692560136318206787e-01,1.196969971060752869e-01,4.372000228613615036e-03
4.399040043354034424e-01,1.323100030422210693e-01,6.608999799937009811e-03
4.575569927692413330e-01,6.501899659633636475e-02,-2.072699926793575287e-02
4.756560027599334717e-01,6.735000014305114746e-02,3.884000005200505257e-03
3.996909856796264648e-01,1.059300005435943604e-01,9.674999862909317017e-03
4.714690148830413818e-01,1.038220003247261047e-01,-2.148799970746040344e-02
4.783380031585693359e-01,1.161229982972145081e-01,3.679000074043869972e-03
3.949579894542694092e-01,9.573899954557418823e-02,1.003499981015920639e-02
4.487060010433197021e-01,5.477099865674972534e-02,-2.029000036418437958e-02
4.857540130615234375e-01,1.008670032024383545e-01,3.113999962806701660e-03
4.430910050868988037e-01,4.405099898576736450e-02,6.366000045090913773e-03
-1.060070022940635681e-01,-5.681509971618652344e-01,-7.457999978214502335e-03
-1.019420027732849121e-01,-5.665460228919982910e-01,-7.439999841153621674e-03
-1.014780029654502869e-01,-5.652899742126464844e-01,-7.437999825924634933e-03
-1.201139986515045166e-01,-5.817959904670715332e-01,-7.519999984651803970e-03
-1.133159995079040527e-01,-5.898759961128234863e-01,-7.490000221878290176e-03
-1.069570034742355347e-01,-5.653859972953796387e-01,1.698100008070468903e-02
-9.604100137948989868e-02,-5.582619905471801758e-01,2.248100005090236664e-02
-7.299099862575531006e-02,-5.702700018882751465e-01,-7.313999813050031662e-03
-1.291169971227645874e-01,-5.798509716987609863e-01,1.717899926006793976e-02
-7.811699807643890381e-02,-5.465599894523620605e-01,2.328999806195497513e-03
-9.914399683475494385e-02,-6.064249873161315918e-01,-7.428000215440988541e-03
-9.845999628305435181e-02,-5.852860212326049805e-01,2.748200111091136932e-02
-7.598300278186798096e-02,-5.451670289039611816e-01,4.608000162988901138e-03
-1.394280046224594116e-01,-5.906710028648376465e-01,-7.604000158607959747e-03
-9.489399939775466919e-02,-5.849390029907226562e-01,2.748200111091136932e-02
-8.290199935436248779e-02,-5.496850013732910156e-01,2.078299969434738159e-02
-7.975500077009201050e-02,-5.999590158462524414e-01,-7.344000041484832764e-03
-7.212600111961364746e-02,-5.935829877853393555e-01,-7.309999782592058182e-03
-1.226869970560073853e-01,-5.884270071983337402e-01,2.747800014913082123e-02
-1.333370059728622437e-01,-6.023390293121337891e-01,-7.577000185847282410e-03
-9.510400146245956421e-02,-5.926010012626647949e-01,2.748200111091136932e-02
-1.333100050687789917e-01,-6.059219837188720703e-01,-7.577000185847282410e-03
-1.466130018234252930e-01,-5.912719964981079102e-01,-5.189999938011169434e-03
-1.421169936656951904e-01,-5.883359909057617188e-01,1.441200077533721924e-02
-1.342830061912536621e-01,-5.887789726257324219e-01,2.747599966824054718e-02
-7.433299720287322998e-02,-5.498890280723571777e-01,2.748499996960163116e-02
-6.628700345754623413e-02,-5.423319935798645020e-01,-2.925400063395500183e-02
-6.628700345754623413e-02,-6.027020215988159180e-01,-1.009299978613853455e-02
-8.601199835538864136e-02,-6.026020050048828125e-01,2.748299948871135712e-02
-6.628700345754623413e-02,-5.977209806442260742e-01,-2.654100023210048676e-02
-6.628700345754623413e-02,-6.026999950408935547e-01,-2.098800055682659149e-02
-1.518239974975585938e-01,-5.989069938659667969e-01,-7.710000034421682358e-03
-3.376869857311248779e-01,4.445600137114524841e-02,4.987000022083520889e-03
-3.357940018177032471e-01,5.457999929785728455e-02,1.233199983835220337e-02
-3.325009942054748535e-01,5.614700168371200562e-02,7.885999977588653564e-03
-3.534719944000244141e-01,3.643099963665008545e-02,2.997000003233551979e-03
-3.485830128192901611e-01,5.307700112462043762e-02,-7.753999438136816025e-03
-3.555209934711456299e-01,5.056500062346458435e-02,6.502000149339437485e-03
-3.310210108757019043e-01,6.382399797439575195e-02,9.789999574422836304e-03
-3.569929897785186768e-01,5.208199843764305115e-02,1.318099908530712128e-02
-3.345369994640350342e-01,6.176500022411346436e-02,-1.011400111019611359e-02
-3.498510122299194336e-01,5.789000168442726135e-02,-1.039300113916397095e-02
-3.475340008735656738e-01,6.312599778175354004e-02,-1.035100035369396210e-02
-3.638400137424468994e-01,4.917600005865097046e-02,6.157999858260154724e-03
-3.100019991397857666e-01,4.332799836993217468e-02,4.707000218331813812e-03
-3.688350021839141846e-01,4.251100122928619385e-02,4.505000077188014984e-03
-3.190549910068511963e-01,7.017499953508377075e-02,1.136500015854835510e-02
-3.052459955215454102e-01,3.963600099086761475e-02,3.790999995544552803e-03
-3.707059919834136963e-01,5.238100141286849976e-02,6.951999850571155548e-03
-3.315689861774444580e-01,7.567600160837173462e-02,-1.005900092422962189e-02
-3.541130125522613525e-01,7.509200274944305420e-02,1.258500013500452042e-02
-3.551430106163024902e-01,7.457400113344192505e-02,1.245599985122680664e-02
-3.054220080375671387e-01,5.815999954938888550e-02,1.140599977225065231e-02
-3.097989857196807861e-01,6.628900021314620972e-02,1.040199957787990570e-02
-3.707849979400634766e-01,5.045599862933158875e-02,1.886699907481670380e-02
-3.309130072593688965e-01,8.006899803876876831e-02,1.381899975240230560e-02
-3.229050040245056152e-01,7.563599944114685059e-02,-9.901000186800956726e-03
-3.713580071926116943e-01,6.093899905681610107e-02,9.074999950826168060e-03
-2.983950078487396240e-01,4.260399937629699707e-02,4.528000019490718842e-03
-3.281680047512054443e-01,7.975500077009201050e-02,-9.997000917792320251e-03
-3.263939917087554932e-01,7.946100085973739624e-02,-9.965000674128532410e-03
-3.692910075187683105e-01,6.300400197505950928e-02,2.072699926793575287e-02
-3.055120110511779785e-01,7.024899870157241821e-02,-9.584000334143638611e-03
-3.495300114154815674e-01,8.620800077915191650e-02,-1.038699969649314880e-02
9.661699831485748291e-02,-4.574899971485137939e-01,-3.354100137948989868e-02
9.661699831485748291e-02,-4.599809944629669189e-01,-3.931700065732002258e-02
9.661699831485748291e-02,-4.508489966392517090e-01,-2.207900024950504303e-02
9.954500198364257812e-02,-4.642300009727478027e-01,-5.322299897670745850e-02
1.006600037217140198e-01,-4.576649963855743408e-01,-5.572300031781196594e-02
7.533500343561172485e-02,-4.501760005950927734e-01,-2.007500082254409790e-02
7.292599976062774658e-02,-4.701760113239288330e-01,-3.049699962139129639e-02
9.661699831485748291e-02,-4.873560070991516113e-01,-2.943100035190582275e-02
7.421600073575973511e-02,-4.594619870185852051e-01,-1.343600079417228699e-02
9.725300222635269165e-02,-4.851819872856140137e-01,-4.808900132775306702e-02
7.201000303030014038e-02,-4.777829945087432861e-01,-3.413800150156021118e-02
9.661699831485748291e-02,-4.874939918518066406e-01,-2.268600091338157654e-02
7.719100266695022583e-02,-4.347659945487976074e-01,-2.070599980652332306e-02
7.414100319147109985e-02,-4.600880146026611328e-01,-1.010799966752529144e-02
7.741600275039672852e-02,-4.328970015048980713e-01,-4.307800158858299255e-02
9.661699831485748291e-02,-4.375180006027221680e-01,-7.362999022006988525e-03
7.709299772977828979e-02,-4.355739951133728027e-01,-4.861500114202499390e-02
1.034990027546882629e-01,-4.742879867553710938e-01,-6.208299845457077026e-02
1.031780019402503967e-01,-4.390439987182617188e-01,-6.136300042271614075e-02
9.661699831485748291e-02,-4.923329949378967285e-01,-2.801899984478950500e-02
7.788799703121185303e-02,-4.289729893207550049e-01,-4.548300057649612427e-02
7.458099722862243652e-02,-4.564360082149505615e-01,-6.258899718523025513e-02
7.471100240945816040e-02,-4.553590118885040283e-01,-6.347399950027465820e-02
7.213900238275527954e-02,-4.767079949378967285e-01,-1.174100115895271301e-02
7.541199773550033569e-02,-4.495370090007781982e-01,-6.558600068092346191e-02
7.869900017976760864e-02,-4.222379922866821289e-01,-2.835300005972385406e-02
7.853899896144866943e-02,-4.235740005970001221e-01,-4.609199985861778259e-02
7.293099910020828247e-02,-4.701299965381622314e-01,-3.076000139117240906e-03
7.851299643516540527e-02,-4.237880110740661621e-01,-1.951899938285350800e-02
9.887699782848358154e-02,-4.208869934082031250e-01,-5.172700062394142151e-02
9.661699831485748291e-02,-4.981209933757781982e-01,-2.254199981689453125e-02
7.331699877977371216e-02,-4.669300019741058350e-01,-6.786800175905227661e-02
1.346320062875747681e-01,-6.825079917907714844e-01,7.660999894142150879e-03
1.337040066719055176e-01,-6.825079917907714844e-01,1.958999782800674438e-03
1.241229996085166931e-01,-6.825079917907714844e-01,1.284599956125020981e-02
1.195069998502731323e-01,-6.825079917907714844e-01,-4.780003800988197327e-04
1.415379941463470459e-01,-6.825079917907714844e-01,-1.023900136351585388e-02
1.562740057706832886e-01,-6.825079917907714844e-01,8.649998344480991364e-04
1.480180025100708008e-01,-6.825079917907714844e-01,-1.139999926090240479e-02
1.254650056362152100e-01,-6.669229865074157715e-01,-8.012998849153518677e-03
1.284739971160888672e-01,-6.625649929046630859e-01,2.436099946498870850e-02
1.155019998550415039e-01,-6.706470251083374023e-01,-7.760999724268913269e-03
1.268370002508163452e-01,-6.618189811706542969e-01,2.440300025045871735e-02
1.281310021877288818e-01,-6.613399982452392578e-01,2.436999976634979248e-02
1.113549992442131042e-01,-6.784099936485290527e-01,2.479399926960468292e-02
1.560409963130950928e-01,-6.709780097007751465e-01,-8.783999830484390259e-03
1.382790058851242065e-01,-6.580820083618164062e-01,-8.336000144481658936e-03
1.183540001511573792e-01,-6.643210053443908691e-01,2.461699955165386200e-02
1.296869963407516479e-01,-6.554470062255859375e-01,-8.119000121951103210e-03
1.260070055723190308e-01,-6.560500264167785645e-01,-8.026000112295150757e-03
1.438910067081451416e-01,-6.562380194664001465e-01,2.397200092673301697e-02
1.042459979653358459e-01,-6.757180094718933105e-01,-7.477000355720520020e-03
1.686089932918548584e-01,-6.736919879913330078e-01,-9.100999683141708374e-03
1.626040041446685791e-01,-6.585549712181091309e-01,2.349900081753730774e-02
9.393700212240219116e-02,-6.825079917907714844e-01,1.743699982762336731e-02
1.122910007834434509e-01,-6.503090262413024902e-01,2.476999908685684204e-02
1.645739972591400146e-01,-6.535339951515197754e-01,2.344899997115135193e-02
9.661699831485748291e-02,-6.790260076522827148e-01,-1.651299931108951569e-02
1.157990023493766785e-01,-6.450030207633972168e-01,2.468200027942657471e-02
1.420850008726119995e-01,-6.396039724349975586e-01,-8.432000875473022461e-03
9.661699831485748291e-02,-6.602330207824707031e-01,-8.675999939441680908e-03
1.383499950170516968e-01,-6.378790140151977539e-01,-8.338000625371932983e-03
1.678919941186904907e-01,-6.524959802627563477e-01,-9.082999080419540405e-03
9.661699831485748291e-02,-7.071570158004760742e-01,-8.093999698758125305e-03
7.965859770774841309e-01,-6.466100364923477173e-02,-3.236800059676170349e-02
8.065549731254577637e-01,-5.824699997901916504e-02,-3.364000096917152405e-02
7.999989986419677734e-01,-5.200999975204467773e-02,-3.280299901962280273e-02
8.013280034065246582e-01,-5.027399957180023193e-02,-4.367100074887275696e-02
8.115180134773254395e-01,-7.662300020456314087e-02,-3.757200017571449280e-02
8.106610178947448730e-01,-4.791999980807304382e-02,-3.426599875092506409e-02
8.158180117607116699e-01,-7.792399823665618896e-02,-4.210299998521804810e-02
7.746210098266601562e-01,-5.226799845695495605e-02,-2.956500090658664703e-02
8.120769858360290527e-01,-4.563499987125396729e-02,-4.452700167894363403e-02
7.759709954261779785e-01,-4.604300111532211304e-02,-2.973699942231178284e-02
8.128650188446044922e-01,-4.298799857497215271e-02,-4.459000006318092346e-02
7.851129770278930664e-01,-3.716899827122688293e-02,-3.090400062501430511e-02
7.952430248260498047e-01,-3.577800095081329346e-02,-4.318600147962570190e-02
7.675309777259826660e-01,-4.844100028276443481e-02,-2.865999937057495117e-02
7.980260252952575684e-01,-3.045900166034698486e-02,-3.255200013518333435e-02
7.640150189399719238e-01,-5.768499895930290222e-02,-4.069799929857254028e-02
7.746170163154602051e-01,-3.954200074076652527e-02,-4.154299944639205933e-02
7.928839921951293945e-01,-2.947700023651123047e-02,-4.299800097942352295e-02
8.318240046501159668e-01,-7.998400181531906128e-02,-3.751600161194801331e-02
8.306059837341308594e-01,-5.177599936723709106e-02,-4.605999961495399475e-02
8.320869803428649902e-01,-4.935399815440177917e-02,-3.755600005388259888e-02
7.575150132179260254e-01,-5.838200077414512634e-02,-2.738199941813945770e-02
8.305500149726867676e-01,-4.676000028848648071e-02,-4.605500027537345886e-02
8.076969981193542480e-01,-2.515199780464172363e-02,-3.381000086665153503e-02
7.852069735527038574e-01,-2.509000152349472046e-02,-4.238700121641159058e-02
7.915329933166503906e-01,-2.334300056099891663e-02,-4.289099946618080139e-02
8.090749979019165039e-01,-2.325899899005889893e-02,-4.428799822926521301e-02
8.215450048446655273e-01,-2.911099791526794434e-02,-4.528300091624259949e-02
8.051589727401733398e-01,-1.920299977064132690e-02,-3.346199914813041687e-02
8.399230241775512695e-01,-8.008100092411041260e-02,-3.875900059938430786e-02
7.502369880676269531e-01,-5.127400159835815430e-02,-2.645299956202507019e-02
7.692919969558715820e-01,-2.330599725246429443e-02,-2.888499945402145386e-02
-8.077189922332763672e-01,6.533599644899368286e-02,-2.591500058770179749e-02
-8.161889910697937012e-01,6.086599826812744141e-02,-2.633200027048587799e-02
-8.039000034332275391e-01,4.613500088453292847e-02,-2.573899924755096436e-02
-7.892950177192687988e-01,5.518199875950813293e-02,-2.506599947810173035e-02
-8.135910034179687500e-01,4.727200046181678772e-02,-1.532000023871660233e-02
-8.008080124855041504e-01,8.265700191259384155e-02,-1.368500012904405594e-02
-7.957350015640258789e-01,4.599500074982643127e-02,-2.536300010979175568e-02
-7.899739742279052734e-01,7.337599992752075195e-02,-1.253999955952167511e-02
-7.867180109024047852e-01,5.440099909901618958e-02,-2.494800090789794922e-02
-7.941499948501586914e-01,8.284600079059600830e-02,-1.296599954366683960e-02
-7.857059836387634277e-01,6.306800246238708496e-02,-1.210399996489286423e-02
-8.169950246810913086e-01,3.923499956727027893e-02,-2.637300081551074982e-02
-8.344730138778686523e-01,7.249599695205688477e-02,-2.223500050604343414e-02
-8.234310150146484375e-01,3.929800167679786682e-02,-2.669899910688400269e-02
-7.815999984741210938e-01,5.832200124859809875e-02,-1.168399956077337265e-02
-8.195800185203552246e-01,3.726499900221824646e-02,-1.608599908649921417e-02
-8.103089928627014160e-01,3.324700146913528442e-02,-2.603399939835071564e-02
-8.077849745750427246e-01,3.510700166225433350e-02,-1.457700040191411972e-02
-8.356239795684814453e-01,4.874699935317039490e-02,-2.731800079345703125e-02
-7.807949781417846680e-01,7.907100021839141846e-02,-1.160200033336877823e-02
-7.764970064163208008e-01,6.584099680185317993e-02,-1.116300001740455627e-02
-8.418610095977783203e-01,5.594199895858764648e-02,-1.893500052392482758e-02
-8.256340026855468750e-01,3.503400087356567383e-02,-1.686000078916549683e-02
-7.706900238990783691e-01,6.732399761676788330e-02,-2.420900017023086548e-02
-7.719399929046630859e-01,4.955099895596504211e-02,-2.426699921488761902e-02
-7.860850095748901367e-01,9.841199964284896851e-02,-2.118399925529956818e-02
-7.700809836387634277e-01,5.416399985551834106e-02,-1.050799991935491562e-02
-8.452789783477783203e-01,4.465999826788902283e-02,-1.937299966812133789e-02
-8.487880229949951172e-01,5.231999978423118591e-02,-1.982099935412406921e-02
-8.360810279846191406e-01,3.292600065469741821e-02,-1.819599978625774384e-02
-7.836350202560424805e-01,9.972400218248367310e-02,-1.309099979698657990e-02
-7.734680175781250000e-01,3.595900163054466248e-02,-2.433699928224086761e-02
-5.475689768791198730e-01,6.054999772459268570e-03,4.879000131040811539e-03
-5.456960201263427734e-01,6.626999936997890472e-03,-1.200009137392044067e-05
-5.430150032043457031e-01,1.153699960559606552e-02,1.022200006991624832e-02
-5.561950206756591797e-01,3.411999903619289398e-03,7.840000092983245850e-03
-5.482000112533569336e-01,1.488799974322319031e-02,9.825999848544597626e-03
-5.571050047874450684e-01,1.005200017243623734e-02,2.438999945297837257e-03
-5.587760210037231445e-01,2.619999926537275314e-03,4.850002005696296692e-04
-5.437549948692321777e-01,1.803099922835826874e-02,2.438999945297837257e-03
-5.626929998397827148e-01,1.063899975270032883e-02,2.438999945297837257e-03
-5.653769969940185547e-01,5.990001372992992401e-04,2.474999986588954926e-03
-5.412790179252624512e-01,2.383700013160705566e-02,2.438999945297837257e-03
-5.275989770889282227e-01,1.217100024223327637e-02,3.733000019565224648e-03
-5.289580225944519043e-01,1.781300082802772522e-02,2.438999945297837257e-03
-5.256369709968566895e-01,1.393700018525123596e-02,2.438999945297837257e-03
-5.373269915580749512e-01,2.841299958527088165e-02,1.065799966454505920e-02
-5.237010121345520020e-01,1.522199995815753937e-02,1.169999968260526657e-02
-5.750600099563598633e-01,1.127799972891807556e-02,2.438999945297837257e-03
-5.478270053863525391e-01,3.451700136065483093e-02,2.522000111639499664e-03
-5.249869823455810547e-01,1.296999957412481308e-02,-1.128800027072429657e-02
-5.706229805946350098e-01,2.344500087201595306e-02,2.438999945297837257e-03
-5.778679847717285156e-01,1.382699981331825256e-02,2.438999945297837257e-03
-5.176969766616821289e-01,1.520299911499023438e-02,-8.486000820994377136e-03
-5.328630208969116211e-01,3.640099987387657166e-02,1.099899969995021820e-02
-5.667340159416198730e-01,2.683299966156482697e-02,-1.613499969244003296e-02
-5.817610025405883789e-01,-4.418000113219022751e-03,7.085000164806842804e-03
-5.096759796142578125e-01,1.765999943017959595e-02,7.110000122338533401e-03
-5.698580145835876465e-01,3.381700068712234497e-02,-1.623499952256679535e-02
-5.876049995422363281e-01,-4.609999712556600571e-03,6.810000166296958923e-03
-5.520030260086059570e-01,4.201599955558776855e-02,-1.566099934279918671e-02
-5.877540111541748047e-01,1.833599992096424103e-02,6.798999849706888199e-03
-5.603089928627014160e-01,4.618399962782859802e-02,5.415000021457672119e-03
-5.847370028495788574e-01,-5.330999847501516342e-03,-1.239000074565410614e-02
-3.332090079784393311e-01,1.885090023279190063e-01,2.256700024008750916e-02
-3.332589864730834961e-01,1.782190054655075073e-01,2.256499975919723511e-02
-3.397139906883239746e-01,1.970749944448471069e-01,2.223500050604343414e-02
-3.202919960021972656e-01,1.953700035810470581e-01,2.322600036859512329e-02
-3.445479869842529297e-01,1.724579930305480957e-01,2.198899909853935242e-02
-3.173269927501678467e-01,1.761659979820251465e-01,2.336799912154674530e-02
-3.414199948310852051e-01,2.074349969625473022e-01,2.214800007641315460e-02
-3.127779960632324219e-01,1.990090012550354004e-01,2.348399907350540161e-02
-3.449890017509460449e-01,2.090689986944198608e-01,2.196599915623664856e-02
-3.299559950828552246e-01,2.141290009021759033e-01,2.273299917578697205e-02
-3.618659973144531250e-01,1.997330039739608765e-01,2.110599912703037262e-02
-3.100929856300354004e-01,2.108999937772750854e-01,2.355200052261352539e-02
-3.292190134525299072e-01,1.979710012674331665e-01,-1.001599803566932678e-02
-3.405109941959381104e-01,1.961400061845779419e-01,-1.022300124168395996e-02
-2.984760105609893799e-01,1.802130043506622314e-01,2.384899929165840149e-02
-3.269099891185760498e-01,2.251210063695907593e-01,2.288799919188022614e-02
-3.337959945201873779e-01,2.086530029773712158e-01,-1.009999960660934448e-02
-2.956039905548095703e-01,1.990659981966018677e-01,2.392300032079219818e-02
-3.321129977703094482e-01,2.282249927520751953e-01,2.262300066649913788e-02
-3.484239876270294189e-01,1.716729998588562012e-01,-1.036699861288070679e-02
-3.570379912853240967e-01,1.931000053882598877e-01,-1.052400097250938416e-02
-3.696300089359283447e-01,2.074159979820251465e-01,2.071000076830387115e-02
-3.088810145854949951e-01,1.543270051479339600e-01,2.358300052583217621e-02
-3.087249994277954102e-01,2.001470029354095459e-01,-9.642001241445541382e-03
-3.609220087528228760e-01,1.920610070228576660e-01,-1.059500128030776978e-02
-3.765510022640228271e-01,1.853989958763122559e-01,2.035699971020221710e-02
-3.489409983158111572e-01,2.122000008821487427e-01,-1.037599891424179077e-02
-3.051950037479400635e-01,1.787250041961669922e-01,-9.578000754117965698e-03
-3.614259958267211914e-01,1.819210052490234375e-01,-1.060399785637855530e-02
-3.004100024700164795e-01,1.839939951896667480e-01,-9.491000324487686157e-03
-3.038429915904998779e-01,2.047200053930282593e-01,-9.553000330924987793e-03
-3.643710017204284668e-01,2.236630022525787354e-01,2.097800001502037048e-02
